   8.1736842e+02
   8.1776224e+02
   8.1533549e+02
   8.0423886e+02
   7.8718071e+02
   7.4293243e+02
   6.8608299e+02
   6.3125827e+02
   5.6633352e+02
   5.1446772e+02
   4.5774626e+02
   4.1658221e+02
   4.2480639e+02
   4.2571818e+02
   4.4015261e+02
   4.5960010e+02
   4.8265700e+02
   5.0885430e+02
   5.3437480e+02
   5.5807501e+02
   5.7845588e+02
   5.8056208e+02
   5.7182585e+02
   5.6291511e+02
   5.6597658e+02
   5.8314441e+02
   5.9908570e+02
   6.1575399e+02
   6.4064884e+02
   6.6786093e+02
   6.8238276e+02
   6.8186973e+02
   6.7038689e+02
   6.7117639e+02
   6.7452362e+02
   6.7791527e+02
   6.8699659e+02
   7.1000603e+02
   7.4165618e+02
   7.7759200e+02
   8.1179317e+02
   8.4330827e+02
   8.6994073e+02
   8.9483617e+02
   8.9083764e+02
   8.7751569e+02
   8.5765288e+02
   7.9979025e+02
   7.3303227e+02
   6.5740657e+02
   5.9383467e+02
   5.4853922e+02
   5.0034737e+02
   4.9743481e+02
   5.3374855e+02
   5.8601035e+02
   6.1515551e+02
   5.7954068e+02
   5.2691116e+02
   4.7254672e+02
   4.0123727e+02
   3.2867991e+02
   2.6797750e+02
   2.1663715e+02
   2.0718205e+02
   2.0142995e+02
   2.0577440e+02
   2.3452617e+02
   2.6046303e+02
   2.8727011e+02
   3.0858926e+02
   3.3362680e+02
   3.4980417e+02
   3.3147728e+02
   2.9710102e+02
   2.6183042e+02
   2.5838872e+02
   2.8524676e+02
   2.9854157e+02
   3.6941902e+02
   5.0913101e+02
   6.4103057e+02
   7.6196379e+02
   8.4705521e+02
   9.2451318e+02
   9.8982199e+02
   9.6854368e+02
   9.2106892e+02
   8.8155457e+02
   8.5777044e+02
   8.5449806e+02
   8.5544803e+02
   8.5919735e+02
   8.7747129e+02
   8.9244971e+02
   9.0802914e+02
   9.2808106e+02
   9.5205360e+02
   9.7094274e+02
   9.5978881e+02
