   5.8090410e+02
   5.7412516e+02
   5.5676167e+02
   5.4035846e+02
   5.2517852e+02
   5.1695741e+02
   5.1237969e+02
   5.1239031e+02
   5.3131226e+02
   5.6936891e+02
   6.0092592e+02
   6.3255122e+02
   6.7697381e+02
   7.1672706e+02
   7.5006621e+02
   7.9559938e+02
   8.4003690e+02
   8.9376031e+02
   9.4167646e+02
   9.7657231e+02
   1.0152674e+03
   1.0492444e+03
   1.0658586e+03
   1.0750117e+03
   1.0880089e+03
   1.1128511e+03
   1.1533139e+03
   1.2279272e+03
   1.3634524e+03
   1.5446748e+03
   1.7408171e+03
   1.9397011e+03
   2.1024224e+03
   2.2650787e+03
   2.3454349e+03
   2.3993482e+03
   2.4241981e+03
   2.4242864e+03
   2.4141633e+03
   2.4145273e+03
   2.4364979e+03
   2.4765132e+03
   2.5299748e+03
   2.5842246e+03
   2.6325605e+03
   2.6845163e+03
   2.7337272e+03
   2.7771403e+03
   2.8197387e+03
   2.8598226e+03
   2.9046233e+03
   2.9412190e+03
   2.9594795e+03
   2.9636289e+03
   2.9616681e+03
   2.9180617e+03
   2.8726313e+03
   2.8049322e+03
   2.7380944e+03
   2.6701230e+03
   2.5799856e+03
   2.4994795e+03
   2.3937222e+03
   2.2896712e+03
   2.1854849e+03
   2.0818725e+03
   1.9745769e+03
   1.9054246e+03
   1.8522830e+03
   1.8161712e+03
   1.7738202e+03
   1.7429517e+03
   1.7114209e+03
   1.6661259e+03
   1.6171156e+03
   1.5687206e+03
   1.5119890e+03
   1.4502781e+03
   1.3950980e+03
   1.3392533e+03
   1.2803342e+03
   1.2408199e+03
   1.1952605e+03
   1.1531373e+03
   1.1261189e+03
   1.0954527e+03
   1.0526799e+03
   1.0036560e+03
   9.4390265e+02
   8.7688721e+02
   8.0148128e+02
   7.3188936e+02
   6.5331113e+02
   5.7463922e+02
   4.9947488e+02
   4.2812901e+02
   3.4703404e+02
   2.7457286e+02
   1.8033346e+02
   8.3779545e+01
   1.7763568e-15
