   0.0000000e+00
   1.6499718e+00
   3.2999435e+00
   4.9499153e+00
   6.5998870e+00
   8.2498588e+00
   9.8998305e+00
   1.1509301e+01
   1.3613427e+01
   1.6571863e+01
   2.0430581e+01
   2.5991009e+01
   3.3036041e+01
   4.0440804e+01
   4.7774508e+01
   5.8100480e+01
   7.1493649e+01
   8.6010933e+01
   1.0417483e+02
   1.2577129e+02
   1.4883892e+02
   1.8067564e+02
   2.1923826e+02
   2.5618760e+02
   2.9823198e+02
   3.5409349e+02
   4.1075663e+02
   4.6963919e+02
   5.3040407e+02
   5.9654441e+02
   6.5569448e+02
   7.1585326e+02
   7.7567253e+02
   8.2482156e+02
   8.6877375e+02
   9.1066465e+02
   9.4112407e+02
   9.6485578e+02
   9.8328979e+02
   9.9187417e+02
   9.9323655e+02
   9.9176306e+02
   9.8451269e+02
   9.7358686e+02
   9.5964767e+02
   9.4466107e+02
   9.2739660e+02
   9.1114823e+02
   8.9325268e+02
   8.7484062e+02
   8.5605157e+02
   8.3730443e+02
   8.1846080e+02
   7.9966726e+02
   7.8126460e+02
   7.6273045e+02
   7.4301734e+02
   7.2448256e+02
   7.0637928e+02
   6.8784488e+02
   6.6740885e+02
   6.4574355e+02
   6.2448587e+02
   6.0460769e+02
   5.8472952e+02
   5.6504406e+02
   5.4540724e+02
   5.2645080e+02
   5.0806415e+02
   4.8826445e+02
   4.6821817e+02
   4.4717733e+02
   4.2534089e+02
   4.0204352e+02
   3.7884098e+02
   3.5589787e+02
   3.3122012e+02
   3.0641405e+02
   2.8205970e+02
   2.5805059e+02
   2.3505637e+02
   2.1162185e+02
   1.9020795e+02
   1.7357773e+02
   1.6024638e+02
   1.4939797e+02
   1.4076613e+02
   1.3433290e+02
   1.2958525e+02
   1.2449330e+02
   1.1882110e+02
   1.1351051e+02
   1.0766168e+02
   9.9603625e+01
   8.7893818e+01
   7.4446844e+01
   5.9200125e+01
   4.4376736e+01
   3.2934859e+01
   2.1936677e+01
   1.2632854e+01
