   4.5921739e-02
   2.5609041e-02
   5.2963419e-03
  -1.5016357e-02
  -4.9646451e-02
  -9.5805319e-02
  -1.4196419e-01
  -2.0950293e-01
  -4.5413427e-01
  -6.9876561e-01
  -9.4339695e-01
  -1.2283998e+00
  -1.5329008e+00
  -1.8374018e+00
  -2.1965769e+00
  -2.7425820e+00
  -3.2885871e+00
  -3.8345922e+00
  -4.5834729e+00
  -5.3906223e+00
  -6.1977718e+00
  -7.1167018e+00
  -8.2528631e+00
  -9.3890243e+00
  -1.0525186e+01
  -1.1473640e+01
  -1.2413676e+01
  -1.3353711e+01
  -1.4050137e+01
  -1.4507707e+01
  -1.4965277e+01
  -1.5426270e+01
  -1.5932651e+01
  -1.6439032e+01
  -1.6945413e+01
  -1.7416222e+01
  -1.7870092e+01
  -1.8323961e+01
  -1.8708237e+01
  -1.8875266e+01
  -1.9042294e+01
  -1.9209322e+01
  -1.9034168e+01
  -1.8799628e+01
  -1.8565088e+01
  -1.8375962e+01
  -1.8261089e+01
  -1.8146216e+01
  -1.8031343e+01
  -1.7875013e+01
  -1.7706924e+01
  -1.7538835e+01
  -1.7378998e+01
  -1.7235601e+01
  -1.7092203e+01
  -1.6948806e+01
  -1.6807018e+01
  -1.6665375e+01
  -1.6523732e+01
  -1.6299769e+01
  -1.5978552e+01
  -1.5657335e+01
  -1.5334054e+01
  -1.4983799e+01
  -1.4633544e+01
  -1.4283289e+01
  -1.3797578e+01
  -1.3240740e+01
  -1.2683903e+01
  -1.2208758e+01
  -1.2010879e+01
  -1.1813000e+01
  -1.1615121e+01
  -1.1286858e+01
  -1.0916222e+01
  -1.0545587e+01
  -9.9891905e+00
  -9.1806160e+00
  -8.3720414e+00
  -7.5634669e+00
  -7.0352496e+00
  -6.5158543e+00
  -5.9964590e+00
  -5.6066876e+00
  -5.3332552e+00
  -5.0598229e+00
  -4.7866973e+00
  -4.5169639e+00
  -4.2472305e+00
  -3.9774971e+00
  -3.6940850e+00
  -3.4029377e+00
  -3.1117904e+00
  -2.8028901e+00
  -2.4410839e+00
  -2.0792778e+00
  -1.7174716e+00
  -1.3483047e+00
  -9.7754192e-01
  -6.0677917e-01
  -3.8307237e-01
