  -5.2342986e+00
  -6.0748940e+00
  -6.9615565e+00
  -7.7010745e+00
  -8.3367370e+00
  -9.0517653e+00
  -9.7087464e+00
  -1.0312775e+01
  -1.0912726e+01
  -1.1436767e+01
  -1.1916164e+01
  -1.2445938e+01
  -1.2912898e+01
  -1.3368053e+01
  -1.3910106e+01
  -1.4472298e+01
  -1.5021313e+01
  -1.5598362e+01
  -1.6101827e+01
  -1.6602948e+01
  -1.7177450e+01
  -1.7775501e+01
  -1.8413069e+01
  -1.9005377e+01
  -1.9573551e+01
  -2.0050420e+01
  -2.0686524e+01
  -2.1404068e+01
  -2.2105244e+01
  -2.2869983e+01
  -2.3589869e+01
  -2.4398610e+01
  -2.5159514e+01
  -2.5826410e+01
  -2.6483975e+01
  -2.6923101e+01
  -2.7173418e+01
  -2.7507173e+01
  -2.7866026e+01
  -2.8150941e+01
  -2.8409546e+01
  -2.8706388e+01
  -2.8853401e+01
  -2.9140381e+01
  -2.9432930e+01
  -2.9590459e+01
  -2.9688889e+01
  -2.9837676e+01
  -2.9970699e+01
  -2.9966518e+01
  -2.9981293e+01
  -3.0081925e+01
  -3.0130969e+01
  -3.0090788e+01
  -2.9994769e+01
  -2.9851497e+01
  -2.9711209e+01
  -2.9524571e+01
  -2.9204156e+01
  -2.8978872e+01
  -2.8780214e+01
  -2.8392874e+01
  -2.8093317e+01
  -2.7657454e+01
  -2.7254322e+01
  -2.6880615e+01
  -2.6382975e+01
  -2.5954627e+01
  -2.5603804e+01
  -2.5185751e+01
  -2.4746946e+01
  -2.4312273e+01
  -2.3928176e+01
  -2.3578049e+01
  -2.3111425e+01
  -2.2558046e+01
  -2.2093729e+01
  -2.1635667e+01
  -2.1090258e+01
  -2.0582611e+01
  -2.0099362e+01
  -1.9586735e+01
  -1.9018701e+01
  -1.8500642e+01
  -1.7974585e+01
  -1.7468538e+01
  -1.6913003e+01
  -1.6226757e+01
  -1.5381179e+01
  -1.4534788e+01
  -1.3729282e+01
  -1.2805795e+01
  -1.2001908e+01
  -1.1046963e+01
  -9.9259025e+00
  -8.5362642e+00
  -6.9560561e+00
  -5.6764891e+00
  -4.0982565e+00
  -2.7700625e+00
  -1.4002690e+00
