   0.0000000e+00
   5.0505051e+01
   1.0101010e+02
   1.5151515e+02
   2.0202020e+02
   2.5252525e+02
   3.0303030e+02
   3.5353535e+02
   4.0404040e+02
   4.5454545e+02
   5.0505051e+02
   5.5555556e+02
   6.0606061e+02
   6.5656566e+02
   7.0707071e+02
   7.5757576e+02
   8.0808081e+02
   8.5858586e+02
   9.0909091e+02
   9.5959596e+02
   1.0101010e+03
   1.0606061e+03
   1.1111111e+03
   1.1616162e+03
   1.2121212e+03
   1.2626263e+03
   1.3131313e+03
   1.3636364e+03
   1.4141414e+03
   1.4646465e+03
   1.5151515e+03
   1.5656566e+03
   1.6161616e+03
   1.6666667e+03
   1.7171717e+03
   1.7676768e+03
   1.8181818e+03
   1.8686869e+03
   1.9191919e+03
   1.9696970e+03
   2.0202020e+03
   2.0707071e+03
   2.1212121e+03
   2.1717172e+03
   2.2222222e+03
   2.2727273e+03
   2.3232323e+03
   2.3737374e+03
   2.4242424e+03
   2.4747475e+03
   2.5252525e+03
   2.5757576e+03
   2.6262626e+03
   2.6767677e+03
   2.7272727e+03
   2.7777778e+03
   2.8282828e+03
   2.8787879e+03
   2.9292929e+03
   2.9797980e+03
   3.0303030e+03
   3.0808081e+03
   3.1313131e+03
   3.1818182e+03
   3.2323232e+03
   3.2828283e+03
   3.3333333e+03
   3.3838384e+03
   3.4343434e+03
   3.4848485e+03
   3.5353535e+03
   3.5858586e+03
   3.6363636e+03
   3.6868687e+03
   3.7373737e+03
   3.7878788e+03
   3.8383838e+03
   3.8888889e+03
   3.9393939e+03
   3.9898990e+03
   4.0404040e+03
   4.0909091e+03
   4.1414141e+03
   4.1919192e+03
   4.2424242e+03
   4.2929293e+03
   4.3434343e+03
   4.3939394e+03
   4.4444444e+03
   4.4949495e+03
   4.5454545e+03
   4.5959596e+03
   4.6464646e+03
   4.6969697e+03
   4.7474747e+03
   4.7979798e+03
   4.8484848e+03
   4.8989899e+03
   4.9494949e+03
   5.0000000e+03
