   0.0000000e+00
   3.7000000e+02
   7.4000000e+02
   1.1100000e+03
   1.4800000e+03
   1.8500000e+03
   2.2200000e+03
   2.5900000e+03
   2.9600000e+03
   3.3300000e+03
   3.7000000e+03
   4.0700000e+03
   4.4400000e+03
   4.8100000e+03
   5.1800000e+03
   5.5500000e+03
   5.9200000e+03
   6.2900000e+03
   6.6600000e+03
   7.0300000e+03
   7.4000000e+03
   7.7700000e+03
   8.1400000e+03
   8.5100000e+03
   8.8800000e+03
   9.2500000e+03
   9.6200000e+03
   9.9900000e+03
   1.0360000e+04
   1.0730000e+04
   1.1100000e+04
   1.1470000e+04
   1.1840000e+04
   1.2210000e+04
   1.2580000e+04
   1.2950000e+04
   1.3320000e+04
   1.3690000e+04
   1.4060000e+04
   1.4430000e+04
   1.4800000e+04
   1.5170000e+04
   1.5540000e+04
   1.5910000e+04
   1.6280000e+04
   1.6650000e+04
   1.7020000e+04
   1.7390000e+04
   1.7760000e+04
   1.8130000e+04
   1.8500000e+04
   1.8870000e+04
   1.9240000e+04
   1.9610000e+04
   1.9980000e+04
   2.0350000e+04
   2.0720000e+04
   2.1090000e+04
   2.1460000e+04
   2.1830000e+04
   2.2200000e+04
   2.2570000e+04
   2.2940000e+04
   2.3310000e+04
   2.3680000e+04
   2.4050000e+04
   2.4420000e+04
   2.4790000e+04
   2.5160000e+04
   2.5530000e+04
   2.5900000e+04
   2.6270000e+04
   2.6640000e+04
   2.7010000e+04
   2.7380000e+04
   2.7750000e+04
   2.8120000e+04
   2.8490000e+04
   2.8860000e+04
   2.9230000e+04
   2.9600000e+04
   2.9970000e+04
   3.0340000e+04
   3.0710000e+04
   3.1080000e+04
   3.1450000e+04
   3.1820000e+04
   3.2190000e+04
   3.2560000e+04
   3.2930000e+04
   3.3300000e+04
   3.3670000e+04
   3.4040000e+04
   3.4410000e+04
   3.4780000e+04
   3.5150000e+04
   3.5520000e+04
   3.5890000e+04
   3.6260000e+04
   3.6630000e+04
   3.7000000e+04
