   0.0000000e+00
   1.4538516e+02
   2.9077032e+02
   4.3615547e+02
   5.8154063e+02
   7.2692579e+02
   8.7231095e+02
   1.0176961e+03
   1.1630813e+03
   1.3084664e+03
   1.4538516e+03
   1.5992367e+03
   1.7446219e+03
   1.8900071e+03
   2.0353922e+03
   2.1807774e+03
   2.3261625e+03
   2.4715477e+03
   2.6169328e+03
   2.7623180e+03
   2.9077032e+03
   3.0530883e+03
   3.1984735e+03
   3.3438586e+03
   3.4892438e+03
   3.6346289e+03
   3.7800141e+03
   3.9253993e+03
   4.0707844e+03
   4.2161696e+03
   4.3615547e+03
   4.5069399e+03
   4.6523250e+03
   4.7977102e+03
   4.9430954e+03
   5.0884805e+03
   5.2338657e+03
   5.3792508e+03
   5.5246360e+03
   5.6700212e+03
   5.8154063e+03
   5.9607915e+03
   6.1061766e+03
   6.2515618e+03
   6.3969469e+03
   6.5423321e+03
   6.6877173e+03
   6.8331024e+03
   6.9784876e+03
   7.1238727e+03
   7.2692579e+03
   7.4146430e+03
   7.5600282e+03
   7.7054134e+03
   7.8507985e+03
   7.9961837e+03
   8.1415688e+03
   8.2869540e+03
   8.4323392e+03
   8.5777243e+03
   8.7231095e+03
   8.8684946e+03
   9.0138798e+03
   9.1592649e+03
   9.3046501e+03
   9.4500353e+03
   9.5954204e+03
   9.7408056e+03
   9.8861907e+03
   1.0031576e+04
   1.0176961e+04
   1.0322346e+04
   1.0467731e+04
   1.0613117e+04
   1.0758502e+04
   1.0903887e+04
   1.1049272e+04
   1.1194657e+04
   1.1340042e+04
   1.1485427e+04
   1.1630813e+04
   1.1776198e+04
   1.1921583e+04
   1.2066968e+04
   1.2212353e+04
   1.2357738e+04
   1.2503124e+04
   1.2648509e+04
   1.2793894e+04
   1.2939279e+04
   1.3084664e+04
   1.3230049e+04
   1.3375435e+04
   1.3520820e+04
   1.3666205e+04
   1.3811590e+04
   1.3956975e+04
   1.4102360e+04
   1.4247745e+04
   1.4393131e+04
   1.4538516e+04
